0,1,2,3,4,5,6,7,8,9,10,11,12,13,14,15,16,17,18,19,20,21,22,23,24,25,26,27,28,29,30,31,32,33,34,35,36,37,38,39,40,41,42,43,44,45,46,47,48,49,50
0.05924066156148911,0.0,1.570729374885559,0.0,1.0,0.0,0.0,0.0,26.760236740112305,1.0,4.099976062774658,0.0,0.0,0.0,0.0,1.611308217048645,2.4990053176879883,0.0,0.0,0.0,0.0,0.0,0.0,0.0,1.0,0.0,0.0,0.0,0.0,0.0,0.0,0.0,0.0,0.0,0.0,0.0,0.0,0.0,0.0,0.0,0.0,0.0,0.0,0.0,0.0,0.0,0.0,0.0,0.0,0.0,0.0
0.0,0.0,0.0,0.0,0.0,0.0,0.0,0.0,11.375543594360352,1.0,4.532305717468262,0.0,0.0,0.0,0.0,2.95936131477356,4.758230686187744,0.0,0.0,0.0,0.0,0.0,0.0,0.0,1.0,0.0,0.0,0.0,0.0,0.0,0.0,0.0,0.0,0.0,0.0,0.0,0.0,0.0,0.0,0.0,0.0,0.0,0.0,0.0,0.0,0.0,0.0,0.0,0.0,0.0,0.0
0.11561759561300278,0.0,2.3364012241363525,0.0,1.0,0.0,0.0,0.0,52.08932495117188,1.0,4.063053607940674,0.0,0.0,0.0,0.0,3.223021984100342,5.1903815269470215,0.0,0.0,0.0,0.0,0.0,0.0,0.0,1.0,0.0,0.0,0.0,0.0,0.0,0.0,0.0,0.0,0.0,0.0,0.0,0.0,0.0,0.0,0.0,0.0,0.0,0.0,0.0,0.0,0.0,0.0,0.0,0.0,0.0,0.0
0.11767644435167313,0.0,2.4982192516326904,0.0,1.0,0.0,0.0,0.0,11.023856163024902,1.0,1.438193678855896,0.0,0.0,0.0,0.0,1.8476178646087649,2.961683511734009,0.0,0.0,0.0,0.0,0.0,0.0,0.0,1.0,0.0,0.0,0.0,0.0,0.0,0.0,0.0,0.0,0.0,0.0,0.0,0.0,0.0,0.0,0.0,0.0,0.0,0.0,0.0,0.0,0.0,0.0,0.0,0.0,0.0,0.0
0.19686394929885864,0.0,3.290030241012573,0.0,1.0,0.0,0.0,0.0,60.73065948486328,1.0,2.1032361984252934,0.0,0.0,0.0,0.0,0.0,0.0,0.0,7.888045787811278,1.0,0.0,0.0,0.0,0.0,1.0,0.0,0.0,0.0,0.0,0.0,0.0,0.0,0.0,0.0,0.0,0.0,0.0,0.0,0.0,0.0,0.0,0.0,0.0,0.0,0.0,0.0,0.0,0.0,0.0,0.0,0.0
0.0,0.09462948888540268,0.0,0.47444763779640203,0.0,0.0,0.0,0.0,60.96257400512695,1.0,3.85216236114502,0.0,0.0,0.0,0.0,1.4090646505355835,2.233799695968628,0.0,0.0,0.0,0.0,0.0,0.0,0.0,1.0,0.0,0.0,0.0,0.0,0.0,0.0,0.0,0.0,0.0,0.0,0.0,0.0,0.0,0.0,0.0,0.0,0.0,0.0,0.0,0.0,0.0,0.0,0.0,0.0,0.0,0.0
0.0,0.0,0.0,0.03745131567120552,0.0,0.0,0.0,0.0,22.762062072753906,1.0,1.7177397012710571,0.0,0.0,0.0,0.0,1.7118408679962158,2.7264649868011475,0.0,0.0,0.0,0.0,0.0,0.0,0.0,1.0,0.0,0.0,0.0,0.0,0.0,0.0,0.0,0.0,0.0,0.0,0.0,0.0,0.0,0.0,0.0,0.0,0.0,0.0,0.0,0.0,0.0,0.0,0.0,0.0,0.0,0.0
0.0,0.0,0.0,0.2813349664211273,0.0,0.0,0.0,0.0,16.508478164672848,1.0,3.6464266777038574,0.0,0.0,0.0,0.0,2.013293743133545,3.1794745922088623,0.0,0.0,0.0,0.0,0.0,0.0,0.0,1.0,0.0,0.0,0.0,0.0,0.0,0.0,0.0,0.0,0.0,0.0,0.0,0.0,0.0,0.0,0.0,0.0,0.0,0.0,0.0,0.0,0.0,0.0,0.0,0.0,0.0,0.0
0.0,0.17727093398571014,0.0,0.6741393804550171,0.0,1.184532642364502,3.607699871063232,3.967113256454468,1.30438232421875,0.0,0.3151181638240814,0.0,0.0,2.2260890007019043,1.0,2.3077404499053955,3.696218013763428,0.0,0.0,0.0,0.0,0.0,0.0,0.0,1.0,0.0,0.0,0.0,0.0,0.0,0.0,0.0,0.0,0.0,0.0,0.0,0.0,0.0,0.0,0.0,0.0,0.0,0.0,0.0,0.0,0.0,0.0,0.0,0.0,0.0,1.0
0.0,0.1955460906028748,0.0,0.7390437126159668,0.0,0.0,0.0,0.0,13.906003952026367,1.0,0.0,0.0,0.0,18.99293708801269,1.0,0.3162679672241211,0.0,0.0,2.0781636238098145,1.0,0.0,0.0,0.0,0.0,1.0,0.0,0.0,0.0,0.0,0.0,0.0,0.0,0.0,0.0,0.0,0.0,0.0,0.0,0.0,0.0,0.0,0.0,0.0,0.0,0.0,0.0,0.0,0.0,0.0,0.0,0.0
0.17269866168498993,0.0,3.0688633918762207,0.0,1.0,0.0,0.0,0.0,20.84652709960937,1.0,0.0,0.0,0.0,19.428625106811523,1.0,3.4926273822784424,5.616748332977295,0.0,0.0,0.0,0.0,0.0,0.0,0.0,1.0,0.0,0.0,0.0,0.0,0.0,0.0,0.0,0.0,0.0,0.0,0.0,0.0,0.0,0.0,0.0,0.0,0.0,0.0,0.0,0.0,0.0,0.0,0.0,0.0,0.0,0.0
0.09500580281019212,0.0,2.066112518310547,0.0,1.0,0.0,0.0,0.0,9.984020233154297,1.0,0.8154759407043457,0.0,0.0,1.0558912754058838,1.0,0.0,0.0,0.0,18.2227840423584,1.0,0.0,0.0,0.0,0.0,1.0,0.0,0.0,0.0,0.0,0.0,0.0,0.0,0.0,0.0,0.0,0.0,0.0,0.0,0.0,0.0,0.0,0.0,0.0,0.0,0.0,0.0,0.0,0.0,0.0,0.0,0.0
0.08337170630693436,0.0,1.8476696014404297,0.0,1.0,0.0,0.0,0.0,8.099762916564941,1.0,3.048258781433105,0.0,0.0,0.0,0.0,1.224669098854065,1.3108158111572266,0.0,0.7331311702728271,0.0,0.0,0.0,0.0,0.0,1.0,0.0,0.0,0.0,0.0,0.0,0.0,0.0,0.0,0.0,0.0,0.0,0.0,0.0,0.0,0.0,0.0,0.0,0.0,0.0,0.0,0.0,0.0,0.0,0.0,0.0,0.0
0.0,0.11644553393125535,0.0,0.4908871650695801,0.0,0.0,0.0,0.0,27.27301406860352,1.0,0.0,0.0,0.0,6.546201229095459,1.0,0.8989772200584412,0.0,0.0,2.725606679916382,1.0,0.0,0.0,0.0,0.0,1.0,0.0,0.0,0.0,0.0,0.0,0.0,0.0,0.0,0.0,0.0,0.0,0.0,0.0,0.0,0.0,0.0,0.0,0.0,0.0,0.0,0.0,0.0,0.0,0.0,0.0,0.0
0.0,0.14448542892932892,0.0,0.5680456161499023,0.0,0.0,0.0,0.0,22.08790397644043,1.0,2.0669033527374268,0.0,0.0,0.0,0.0,1.545148491859436,2.045114755630493,0.0,0.2301444262266159,0.0,0.0,0.0,0.0,0.0,1.0,0.0,0.0,0.0,0.0,0.0,0.0,0.0,0.0,0.0,0.0,0.0,0.0,0.0,0.0,0.0,0.0,0.0,0.0,0.0,0.0,0.0,0.0,0.0,0.0,0.0,0.0
0.0,0.0,0.7724225521087646,0.0,1.0,0.0,0.0,0.0,17.67402458190918,1.0,0.0,0.0,0.0,6.904430389404298,1.0,2.078036069869995,3.349983930587769,0.0,0.0,0.0,0.0,0.0,0.0,0.0,1.0,0.0,0.0,0.0,0.0,0.0,0.0,0.0,0.0,0.0,0.0,0.0,0.0,0.0,0.0,0.0,0.0,0.0,0.0,0.0,0.0,0.0,0.0,0.0,0.0,0.0,0.0
0.0,0.0,0.20007003843784327,0.0,1.0,0.0,0.0,0.0,17.342052459716793,1.0,2.760910987854004,0.0,0.0,0.0,0.0,2.4024055004119877,3.8708906173706055,0.0,0.0,0.0,0.0,0.0,0.0,0.0,1.0,0.0,0.0,0.0,0.0,0.0,0.0,0.0,0.0,0.0,0.0,0.0,0.0,0.0,0.0,0.0,0.0,0.0,0.0,0.0,0.0,0.0,0.0,0.0,0.0,0.0,0.0
0.0,0.1803938299417496,0.0,0.6822711229324341,0.0,0.0,0.0,0.0,63.879066467285156,1.0,0.0,0.0,0.0,3.5513184070587163,1.0,0.0,0.0,0.0,3.486733675003052,1.0,0.0,0.0,0.0,0.0,1.0,0.0,0.0,0.0,0.0,0.0,0.0,0.0,0.0,0.0,0.0,0.0,0.0,0.0,0.0,0.0,0.0,0.0,0.0,0.0,0.0,0.0,0.0,0.0,0.0,0.0,0.0
0.0,0.11474987119436265,0.0,0.47020623087883,0.0,0.0,0.0,0.0,13.282208442687988,1.0,3.617594003677368,0.0,0.0,0.0,0.0,1.3398879766464231,2.1220669746398926,0.0,0.0,0.0,0.0,0.0,0.0,0.0,1.0,0.0,0.0,0.0,0.0,0.0,0.0,0.0,0.0,0.0,0.0,0.0,0.0,0.0,0.0,0.0,0.0,0.0,0.0,0.0,0.0,0.0,0.0,0.0,0.0,0.0,0.0
0.0,0.15132658183574674,0.0,0.5973424911499023,0.0,0.0,0.0,0.0,16.7777099609375,1.0,0.0,0.0,0.0,13.36829662322998,1.0,3.3887083530426025,5.450368404388428,0.0,0.0,0.0,0.0,0.0,0.0,0.0,1.0,0.0,0.0,0.0,0.0,0.0,0.0,0.0,0.0,0.0,0.0,0.0,0.0,0.0,0.0,0.0,0.0,0.0,0.0,0.0,0.0,0.0,0.0,0.0,0.0,0.0,0.0
0.0,0.10453608632087708,0.0,0.5134388208389282,0.0,0.0,0.0,0.0,37.84423828125,1.0,0.0,0.0,0.0,4.341323852539063,1.0,0.9720471501350404,1.2259793281555176,0.0,0.2545056641101837,0.0,0.0,0.0,0.0,0.0,1.0,0.0,0.0,0.0,0.0,0.0,0.0,0.0,0.0,0.0,0.0,0.0,0.0,0.0,0.0,0.0,0.0,0.0,0.0,0.0,0.0,0.0,0.0,0.0,0.0,0.0,0.0
0.0,0.05557262897491455,0.0,0.4016317427158356,0.0,0.0,0.0,0.0,23.88833427429199,1.0,1.4584810733795166,0.0,0.0,0.0,0.0,0.2854894995689392,0.0,0.0,2.0350658893585205,1.0,0.0,0.0,0.0,0.0,1.0,0.0,0.0,0.0,0.0,0.0,0.0,0.0,0.0,0.0,0.0,0.0,0.0,0.0,0.0,0.0,0.0,0.0,0.0,0.0,0.0,0.0,0.0,0.0,0.0,0.0,0.0
0.0,0.09829254448413847,0.0,0.5386909246444702,0.0,0.0,0.0,0.0,4.318483352661134,1.0,0.0,0.0,0.0,5.433696269989014,1.0,1.38718581199646,1.8915352821350095,0.0,0.08404569327831267,0.0,0.0,0.0,0.0,0.0,1.0,0.0,0.0,0.0,0.0,0.0,0.0,0.0,0.0,0.0,0.0,0.0,0.0,0.0,0.0,0.0,0.0,0.0,0.0,0.0,0.0,0.0,0.0,0.0,0.0,0.0,0.0
0.0,0.13091231882572174,0.0,0.5194255113601685,0.0,0.0,0.0,0.0,42.70703887939453,1.0,3.2030928134918213,0.0,0.0,0.0,0.0,0.0,0.0,0.0,9.625909805297852,1.0,0.0,0.0,0.0,0.0,1.0,0.0,0.0,0.0,0.0,0.0,0.0,0.0,0.0,0.0,0.0,0.0,0.0,0.0,0.0,0.0,0.0,0.0,0.0,0.0,0.0,0.0,0.0,0.0,0.0,0.0,0.0
0.0,0.13403718173503876,0.0,0.5407605767250061,0.0,0.0,0.0,0.0,5.900554656982423,1.0,3.3347382545471187,0.0,0.0,0.0,0.0,2.2363393306732178,3.4225368499755864,0.0,0.0,0.0,0.0,0.0,0.0,0.0,1.0,0.0,0.0,0.0,0.0,0.0,0.0,0.0,0.0,0.0,0.0,0.0,0.0,0.0,0.0,0.0,0.0,0.0,0.0,0.0,0.0,0.0,0.0,0.0,0.0,0.0,0.0
0.0,0.0,0.0,0.12943445146083832,0.0,0.0,0.0,0.0,30.87708282470703,1.0,0.0,0.0,0.0,9.85684585571289,1.0,1.7514969110488892,2.547450542449951,0.0,0.0,0.0,0.0,0.0,0.0,0.0,1.0,0.0,0.0,0.0,0.0,0.0,0.0,0.0,0.0,0.0,0.0,0.0,0.0,0.0,0.0,0.0,0.0,0.0,0.0,0.0,0.0,0.0,0.0,0.0,0.0,0.0,0.0
0.0,0.1409558802843094,0.0,0.5573612451553345,0.0,0.0,0.0,0.0,28.25448036193848,1.0,2.704348087310791,0.0,0.0,0.0,0.0,2.8018100261688232,4.5039167404174805,0.0,0.0,0.0,0.0,0.0,0.0,0.0,1.0,0.0,0.0,0.0,0.0,0.0,0.0,0.0,0.0,0.0,0.0,0.0,0.0,0.0,0.0,0.0,0.0,0.0,0.0,0.0,0.0,0.0,0.0,0.0,0.0,0.0,0.0
0.0,0.224368616938591,0.0,0.8355278968811035,0.0,0.0,0.0,0.0,3.7641923427581783,1.0,3.6100411415100098,0.0,0.0,0.0,0.0,2.038649320602417,3.1943156719207764,0.0,0.0,0.0,0.0,0.0,0.0,0.0,1.0,0.0,0.0,0.0,0.0,0.0,0.0,0.0,0.0,0.0,0.0,0.0,0.0,0.0,0.0,0.0,0.0,0.0,0.0,0.0,0.0,0.0,0.0,0.0,0.0,0.0,0.0
0.0,0.0,0.0,0.007901540026068687,0.0,0.0,0.0,0.0,39.08306121826172,1.0,4.645952224731445,0.0,0.0,0.0,0.0,0.0,0.0,0.0,8.37785816192627,1.0,0.0,0.0,0.0,0.0,1.0,0.0,0.0,0.0,0.0,0.0,0.0,0.0,0.0,0.0,0.0,0.0,0.0,0.0,0.0,0.0,0.0,0.0,0.0,0.0,0.0,0.0,0.0,0.0,0.0,0.0,0.0
0.0,0.026839539408683773,0.0,0.3087989985942841,0.0,0.0,0.0,0.0,36.1954231262207,1.0,2.7946853637695312,0.0,0.0,0.0,0.0,1.3560699224472046,0.0,0.0,4.617607593536377,1.0,0.0,0.0,0.0,0.0,1.0,0.0,0.0,0.0,0.0,0.0,0.0,0.0,0.0,0.0,0.0,0.0,0.0,0.0,0.0,0.0,0.0,0.0,0.0,0.0,0.0,0.0,0.0,0.0,0.0,0.0,0.0
0.0,0.0,0.016006413847208027,0.0,1.0,0.0,0.0,0.0,35.01019287109375,1.0,0.0,0.0,0.0,9.59442901611328,1.0,2.893854856491089,4.644193172454834,0.0,0.0,0.0,0.0,0.0,0.0,0.0,1.0,0.0,0.0,0.0,0.0,0.0,0.0,0.0,0.0,0.0,0.0,0.0,0.0,0.0,0.0,0.0,0.0,0.0,0.0,0.0,0.0,0.0,0.0,0.0,0.0,0.0,0.0
0.0,0.12497811019420625,0.0,0.531649112701416,0.0,0.0,0.0,0.0,17.96333122253418,1.0,2.270092010498047,0.0,0.0,0.0,0.0,1.8830138444900515,3.006253719329834,0.0,0.0,0.0,0.0,0.0,0.0,0.0,1.0,0.0,0.0,0.0,0.0,0.0,0.0,0.0,0.0,0.0,0.0,0.0,0.0,0.0,0.0,0.0,0.0,0.0,0.0,0.0,0.0,0.0,0.0,0.0,0.0,0.0,0.0
0.0,0.10914690047502518,0.0,0.4494746625423432,0.0,0.008987700566649437,0.7240540385246277,0.6985294222831726,0.9472190141677856,0.0,2.468247652053833,0.0,0.0,0.0,0.0,0.7447759509086609,0.6653539538383484,0.0,0.6912329792976379,0.0,0.0,0.0,0.0,0.0,1.0,0.0,0.0,0.0,0.0,0.0,0.0,0.0,0.0,0.0,0.0,0.0,0.0,0.0,0.0,0.0,0.0,0.0,0.0,0.0,0.0,0.0,0.0,0.0,0.0,0.0,1.0
0.022539339959621433,0.0,1.1155412197113037,0.0,1.0,0.290742427110672,1.1406433582305908,1.235836386680603,0.5700209140777588,0.0,0.0,0.0,0.0,5.817524433135986,1.0,2.464060068130493,3.964585304260254,0.0,0.0,0.0,0.0,0.0,0.0,0.0,1.0,0.0,0.0,0.0,0.0,0.0,0.0,0.0,0.0,0.0,0.0,0.0,0.0,0.0,0.0,0.0,0.0,0.0,0.0,0.0,0.0,0.0,0.0,0.0,0.0,0.0,1.0
0.0,0.1384880691766739,0.0,0.5502465963363647,0.0,0.0,0.0,0.0,19.798490524291992,1.0,1.646323800086975,0.0,0.0,0.0,0.0,1.2651164531707764,0.5826624035835266,0.0,2.322998046875,1.0,0.0,0.0,0.0,0.0,1.0,0.0,0.0,0.0,0.0,0.0,0.0,0.0,0.0,0.0,0.0,0.0,0.0,0.0,0.0,0.0,0.0,0.0,0.0,0.0,0.0,0.0,0.0,0.0,0.0,0.0,0.0
0.0,0.08388744294643402,0.0,0.4933596849441528,0.0,0.0,0.0,0.0,36.91805648803711,1.0,2.0853595733642583,0.0,0.0,0.0,0.0,2.077871799468994,3.344247579574585,0.0,0.0,0.0,0.0,0.0,0.0,0.0,1.0,0.0,0.0,0.0,0.0,0.0,0.0,0.0,0.0,0.0,0.0,0.0,0.0,0.0,0.0,0.0,0.0,0.0,0.0,0.0,0.0,0.0,0.0,0.0,0.0,0.0,0.0
0.0,0.1484219878911972,0.0,0.6082587838172913,0.0,0.912471890449524,2.8524208068847656,3.1186122894287114,1.0632854700088499,0.0,0.0,0.0,0.0,12.611711502075195,1.0,0.0,0.0,0.0,7.368614196777344,1.0,0.0,0.0,0.0,0.0,1.0,0.0,0.0,0.0,0.0,0.0,0.0,0.0,0.0,0.0,0.0,0.0,0.0,0.0,0.0,0.0,0.0,0.0,0.0,0.0,0.0,0.0,0.0,0.0,0.0,0.0,0.0
0.0,0.04405909031629562,0.0,0.3728339672088623,0.0,0.0,0.0,0.0,15.807682037353516,1.0,2.842668056488037,0.0,0.0,0.0,0.0,1.2261170148849487,1.868584156036377,0.0,0.0,0.0,0.0,0.0,0.0,0.0,1.0,0.0,0.0,0.0,0.0,0.0,0.0,0.0,0.0,0.0,0.0,0.0,0.0,0.0,0.0,0.0,0.0,0.0,0.0,0.0,0.0,0.0,0.0,0.0,0.0,0.0,0.0
0.030471973121166233,0.0,1.365006685256958,0.0,1.0,0.0,0.0,0.0,46.89802932739258,1.0,0.0,0.0,0.0,16.624897003173828,1.0,0.0,0.0,0.0,5.5894856452941895,1.0,0.0,0.0,0.0,0.0,1.0,0.0,0.0,0.0,0.0,0.0,0.0,0.0,0.0,0.0,0.0,0.0,0.0,0.0,0.0,0.0,0.0,0.0,0.0,0.0,0.0,0.0,0.0,0.0,0.0,0.0,0.0
0.0,0.10290782153606416,0.0,0.5251981019973755,0.0,0.3825345635414124,1.377667784690857,1.4971795082092283,0.6252856850624084,0.0,0.0,0.0,0.0,3.832752704620361,1.0,2.339953184127808,3.701399326324463,0.0,0.0,0.0,0.0,0.0,0.0,0.0,1.0,0.0,0.0,0.0,0.0,0.0,0.0,0.0,0.0,0.0,0.0,0.0,0.0,0.0,0.0,0.0,0.0,0.0,0.0,0.0,0.0,0.0,0.0,0.0,0.0,0.0,1.0
0.09647368639707564,0.0,1.8773683309555051,0.0,1.0,0.0,0.0,0.0,15.812314987182615,1.0,0.0,0.0,0.0,7.055483341217041,1.0,1.0469502210617063,1.6247079372406006,0.0,0.0,0.0,0.0,0.0,0.0,0.0,1.0,0.0,0.0,0.0,0.0,0.0,0.0,0.0,0.0,0.0,0.0,0.0,0.0,0.0,0.0,0.0,0.0,0.0,0.0,0.0,0.0,0.0,0.0,0.0,0.0,0.0,0.0
0.0,0.151063933968544,0.0,0.5864536166191101,0.0,0.0,0.0,0.0,30.47326469421387,1.0,0.0,0.0,0.0,9.908056259155273,1.0,3.789317131042481,6.103481769561768,0.0,0.0,0.0,0.0,0.0,0.0,0.0,1.0,0.0,0.0,0.0,0.0,0.0,0.0,0.0,0.0,0.0,0.0,0.0,0.0,0.0,0.0,0.0,0.0,0.0,0.0,0.0,0.0,0.0,0.0,0.0,0.0,0.0,0.0
