pred_result:[0 0 2 2 2 2 2 2 0 0 2 0 0 2 2 0 0 2 2 2 2 2 2 2 2 2 0 0 2 2]
true_result:[0 0 1 1 2 2 2 2 0 0 2 0 0 2 1 0 0 1 1 1 2 2 1 1 1 2 0 0 1 2]
err_ratio:0.333333333333
pred_result:[2 0 0 2 2 2 0 2 2 2 2 2 2 2 2 0 0 0 2 2 2 2 2 2 2 2 2 0 2 2]
true_result:[1 0 0 2 2 2 0 1 1 2 2 1 1 1 1 0 0 0 1 2 2 2 2 1 2 1 1 0 1 2]
err_ratio:0.4
pred_result:[0 2 0 2 2 2 2 0 0 2 2 0 0 0 2 0 0 2 2 0 2 2 2 2 0 2 0 2 0 2]
true_result:[0 1 0 2 1 1 1 0 0 2 2 0 0 0 1 0 0 1 2 0 1 2 2 1 0 2 0 2 0 1]
err_ratio:0.3
pred_result:[1 1 0 0 1 1 0 1 1 0 1 0 0 1 1 1 1 1 1 0 0 1 0 0 1 1 1 0 0 1]
true_result:[1 1 0 0 1 1 0 2 1 0 2 0 0 2 2 1 1 2 1 0 0 2 0 0 2 1 1 0 0 2]
err_ratio:0.266666666667
pred_result:[2 0 0 1 2 1 2 2 2 2 0 2 2 2 2 2 1 2 2 0 0 2 2 0 0 2 2 2 2 0]
true_result:[2 0 0 2 2 2 2 2 1 1 0 2 1 2 1 2 1 1 1 0 0 1 2 0 0 1 2 2 2 0]
err_ratio:0.333333333333
