pred_result:[1 1 1 1 1 1 1 1 1 1 1 1 1 1 1 1 1 1 1 0 1 1 1 1 1 0 1 1 1 1 0 1 1 1 1 1 1
 1 1 1 1 1 1 1 1 1 1 1 1 1 1 1 1 1 1 1 1 0 1 1]
true_result:[1 1 1 1 1 0 0 1 0 1 0 1 0 1 1 0 0 0 1 0 1 0 1 0 1 0 0 1 1 1 0 0 1 0 0 1 0
 1 0 1 0 1 0 1 1 1 1 0 0 1 0 0 1 0 1 0 1 1 0 1]
err_ratio:0.433333333333
pred_result:[1 1 1 1 1 1 1 0 1 1 1 1 1 1 1 1 1 1 1 0 1 1 0 0 0 1 1 1 0 1 1 1 0 1 1 0 1
 1 0 1 0 1 1 1 0 0 1 1 1 1 1 1 1 1 1 1 1 1 0 1]
true_result:[0 1 1 1 1 1 1 0 1 1 0 0 1 1 0 1 1 0 1 0 1 1 0 0 0 0 0 1 1 0 1 1 0 1 1 0 1
 0 1 0 0 1 0 1 1 1 1 1 0 1 1 1 1 1 1 0 0 0 1 1]
err_ratio:0.333333333333
pred_result:[1 1 1 0 1 0 1 1 1 1 1 1 1 1 1 1 1 1 1 1 1 1 1 1 1 1 1 1 1 1 1 1 1 1 1 1 1
 0 1 1 1 1 1 1 1 1 1 1 1 1 1 1 1 1 1 1 1 1 1 1]
true_result:[0 0 0 1 1 1 0 0 0 0 1 1 0 0 1 0 1 1 0 1 1 0 0 1 0 1 0 0 1 0 1 1 0 0 1 1 1
 0 1 1 1 0 0 1 1 0 1 0 0 1 1 0 1 0 0 1 1 1 1 1]
err_ratio:0.483333333333
pred_result:[0 1 1 0 1 0 1 0 1 0 1 1 0 0 1 1 1 1 1 0 1 0 1 1 0 0 1 0 0 1 0 0 0 0 0 0 1
 0 1 0 0 0 0 0 1 1 1 0 1 0 0 0 1 1 0 0 1 0 1 1]
true_result:[1 1 0 1 1 0 1 0 1 1 1 1 1 0 1 0 0 1 1 0 1 1 1 0 1 1 1 0 0 1 0 0 0 0 0 1 1
 0 1 1 0 0 0 1 1 1 1 1 1 1 1 0 1 1 0 0 1 0 1 1]
err_ratio:0.283333333333
pred_result:[1 1 1 0 1 1 0 0 1 1 1 1 1 1 1 0 1 0 0 1 1 0 1 0 1 0 1 1 1 1 0 1 0 1 1 1 1
 0 1 1 0 1 1 1 0 1 0 0 1 1 1 0 1 1 1 1 0 1 1 1]
true_result:[0 1 0 1 1 1 0 1 1 1 0 0 1 1 0 0 1 1 1 1 1 0 1 1 0 0 1 1 0 1 0 0 0 1 1 1 1
 1 1 0 1 1 1 1 1 1 0 1 0 1 1 0 1 0 1 1 0 1 1 1]
err_ratio:0.333333333333
