pred_result:[2 2 0 2 2 2 2 2 2 2 0 0 0 2 0 0 0 2 2 2 2 0 0 2 0 2 2 2 0 2]
true_result:[2 2 0 2 1 1 2 1 2 1 0 0 0 1 0 0 0 2 2 2 1 0 0 2 0 2 1 2 0 2]
err_ratio:0.23333333333333334
pred_result:[2 2 2 2 2 0 2 2 2 0 2 0 2 2 2 2 0 2 2 0 0 2 2 2 2 2 2 2 2 0]
true_result:[2 2 1 1 1 0 1 1 2 0 2 0 1 1 2 1 0 1 1 0 0 1 2 2 2 1 2 1 1 0]
err_ratio:0.4666666666666667
pred_result:[0 1 1 0 0 1 1 1 1 1 0 1 1 0 1 0 0 1 0 0 0 0 1 1 1 1 0 0 1 1]
true_result:[0 2 1 0 0 1 2 2 1 2 0 2 1 0 2 0 0 1 0 0 0 0 2 2 2 1 0 0 2 2]
err_ratio:0.36666666666666664
pred_result:[2 2 0 2 2 2 0 2 2 0 2 2 0 2 2 2 2 0 2 2 0 2 2 2 2 0 2 2 2 2]
true_result:[2 1 0 1 2 1 0 2 2 0 2 1 0 1 2 1 2 0 1 1 0 1 1 1 1 0 1 2 2 1]
err_ratio:0.4666666666666667
pred_result:[2 1 0 1 1 0 1 1 1 1 0 2 0 0 0 1 1 2 0 0 1 0 0 2 1 0 1 2 0 2]
true_result:[2 1 0 1 1 0 1 2 1 2 0 2 0 0 0 2 1 2 0 0 1 0 0 2 1 0 1 2 0 2]
err_ratio:0.1
