pred_result:[0 0 0 0 0 0 0 0 0 0 0 0 0 0 0 0 0 0 0 0 0 0 0 0 0 0 0 0 0 0 0 0 0 0 0]
true_result:[2 0 1 1 1 1 0 1 2 2 0 1 0 1 1 1 2 1 0 1 1 1 0 0 1 0 1 2 1 2 2 1 2 1 0]
err_ratio:0.742857142857
pred_result:[0 1 0 0 0 0 0 0 0 0 0 0 0 0 0 0 1 0 0 0 0 1 0 0 0 1 0 0 0 0 0 0 0 0 0]
true_result:[2 1 1 1 2 2 1 1 0 2 0 0 0 1 1 1 1 0 0 2 2 1 2 2 1 1 0 2 2 1 0 2 1 2 2]
err_ratio:0.657142857143
pred_result:[1 0 1 0 1 0 1 0 0 0 0 0 1 0 0 0 0 0 0 0 1 0 0 0 0 0 0 0 1 0 0 0 0 0 0]
true_result:[1 0 2 0 1 1 1 0 1 0 2 0 1 0 1 0 2 0 1 2 1 2 1 0 0 0 1 0 1 2 2 2 0 1 2]
err_ratio:0.457142857143
pred_result:[1 1 1 1 1 1 1 1 1 1 1 1 1 1 1 1 1 1 1 1 1 1 1 1 1 1 1 1 1 1 1 1 1 1 1]
true_result:[1 0 0 0 2 2 1 0 0 1 0 2 0 0 2 1 0 1 0 0 1 1 2 0 1 0 0 1 1 2 1 2 1 1 1]
err_ratio:0.6
pred_result:[0 0 0 0 0 0 0 0 0 0 0 0 0 0 0 0 0 0 0 0 0 1 0 0 0 0 0 0 0 0 0 0 1 0 0]
true_result:[0 0 2 1 1 0 0 1 0 2 0 0 2 1 2 2 2 1 1 0 0 2 0 0 0 0 1 1 0 2 1 2 1 2 0]
err_ratio:0.542857142857
pred_result:[0 0 0 0 0 0 0 0 0 0 0 0 0 0 0 0 0 0 0 0 0 0 0 0 0 0 0 0 0 0 0 0 0 0 0]
true_result:[2 1 1 1 1 0 2 2 2 1 0 0 1 0 2 0 1 0 1 1 2 1 0 0 1 0 1 0 1 2 0 0 2 1 0]
err_ratio:0.628571428571
pred_result:[1 1 1 1 1 1 1 1 1 1 1 1 1 1 1 1 1 1 1 1 1 1 1 1 1 1 1 1 1 1 1 1 1 1 1]
true_result:[1 0 0 0 2 0 2 1 2 0 2 2 1 0 0 2 1 1 2 0 2 2 0 2 2 0 2 1 1 0 1 2 1 2 0]
err_ratio:0.742857142857
pred_result:[0 0 0 0 0 0 0 0 0 0 0 0 0 0 0 0 0 0 0 0 0 0 0 0 0 0 0 0 0 0 0 0 0 0 0]
true_result:[1 2 0 0 1 1 2 1 2 0 0 2 1 0 0 1 0 0 2 1 1 0 0 1 1 2 1 2 1 0 0 1 0 1 1]
err_ratio:0.628571428571
pred_result:[0 0 0 0 0 0 0 0 0 0 0 0 0 0 0 0 0 0 0 0 0 0 0 0 0 0 0 0 0 0 0 0 0 0 0]
true_result:[1 2 2 1 2 1 0 0 2 0 1 1 1 0 2 1 1 1 0 1 0 0 2 2 0 2 0 2 1 1 0 1 1 0 1]
err_ratio:0.685714285714
pred_result:[0 0 0 0 0 0 0 0 0 0 0 0 0 0 0 0 0 0 0 0 0 0 0 0 0 0 0 0 0 0 0 0 0 0 0]
true_result:[2 0 2 1 0 1 1 1 0 2 1 1 1 1 2 1 0 1 1 1 2 2 0 2 2 1 2 1 1 0 1 1 0 0 0]
err_ratio:0.742857142857
pred_result:[0 0 0 0 0 0 0 0 0 0 0 0 0 0 0 0 0 0 0 0 0 0 0 0 0 0 0 0 0 0 0 0 0 0 0]
true_result:[2 1 1 1 1 0 2 2 2 1 0 0 1 0 2 0 1 0 1 1 2 1 0 0 1 0 1 0 1 2 0 0 2 1 0]
err_ratio:0.628571428571
