pred_result:[1 1 1 1 1 1 1 1 1 1 1 1 1 1 1 1 1 1 1 1 1 1 1 1 1 1 1 1 1 1 1 1 1 1 1 1 1
 1 1 1 1 1 1 1 1 1 1 1 1 1 1 1 1 1 1 1 1 1 1 1]
true_result:[1 0 1 1 0 1 1 0 1 1 1 1 0 1 1 1 1 0 1 0 1 1 0 1 0 1 1 1 0 1 0 1 0 1 1 1 0
 0 1 0 1 1 1 1 1 0 1 1 1 1 1 0 1 0 1 1 1 1 0 1]
err_ratio:0.3
pred_result:[1 1 1 1 1 1 1 1 1 1 1 1 1 1 1 1 1 1 1 1 1 1 1 1 1 1 1 1 1 1 1 1 1 1 1 1 1
 1 1 1 1 1 1 1 1 1 1 1 1 1 1 1 1 1 1 1 1 1 1 1]
true_result:[0 1 0 1 0 1 1 1 0 1 1 0 1 0 0 1 1 1 1 1 0 1 0 0 1 1 0 1 0 1 1 1 1 1 0 1 1
 0 0 1 1 1 1 0 0 0 0 1 1 1 0 0 1 0 0 0 1 1 1 1]
err_ratio:0.4
pred_result:[0 1 1 0 1 0 0 1 1 1 1 1 1 1 1 1 1 1 1 1 1 1 1 1 0 0 1 1 0 1 0 1 1 1 1 1 1
 1 1 0 1 1 0 1 1 1 1 0 0 1 0 1 1 1 0 1 1 1 1 0]
true_result:[0 1 1 0 1 0 0 0 1 1 0 1 1 1 0 1 1 1 0 0 1 1 1 1 0 0 1 1 1 0 0 1 0 1 0 0 1
 0 1 1 1 1 0 0 1 0 1 0 1 1 0 1 1 1 0 0 1 1 1 0]
err_ratio:0.266666666667
pred_result:[1 1 1 1 0 0 0 1 1 0 1 1 1 0 1 1 0 1 1 0 1 1 0 1 1 1 0 1 1 0 1 1 0 0 1 1 0
 1 1 1 1 0 0 1 1 0 1 1 0 1 1 0 0 1 0 0 0 1 0 1]
true_result:[1 0 1 1 0 0 0 0 1 1 0 1 0 1 0 1 0 0 1 0 1 1 1 0 0 0 0 1 1 0 1 1 1 1 1 1 1
 0 1 0 1 1 0 1 1 0 1 1 0 1 1 0 1 1 1 0 1 0 0 1]
err_ratio:0.366666666667
pred_result:[1 0 0 1 1 0 0 1 0 0 1 1 1 1 1 1 1 1 0 1 1 1 1 1 0 1 1 1 1 0 0 1 0 1 0 1 1
 0 1 0 1 1 1 1 1 0 1 1 1 0 0 0 1 1 0 1 1 1 0 0]
true_result:[0 0 0 1 1 0 0 1 1 0 1 1 0 1 1 1 0 1 1 1 1 1 1 1 0 1 1 1 0 0 0 1 1 0 0 0 1
 0 1 0 0 0 0 0 1 0 1 1 1 0 0 0 0 1 0 1 1 0 0 0]
err_ratio:0.25
