pred_result:[9 9 1 9 1 1 9 9 0 9 9 9 1 1 0 9 9 9 0 0 9 0 1 9 1 9 9 9 1 9 9 9 1 9 9 9 9
 1 0 9 9 9 9 9 9 9 9 9 9 9 9 9 1 9 9 9 0 9 9 9 9 9 9 9 9 9 9 9 9 0 9 9 9 9
 1 9 9 1 0 9 1 9 9 9 1 9 9 9 9 9 9 9 0 9 9 9 9 9 9 9]
true_result:[5 7 1 7 1 1 6 3 0 2 9 3 1 1 0 4 9 2 0 0 2 0 2 7 1 8 6 4 1 6 3 4 5 9 1 3 3
 8 5 4 7 7 4 2 8 5 8 6 7 3 4 6 1 9 9 6 0 3 7 2 8 2 9 4 4 6 4 9 7 0 9 2 9 5
 1 5 9 1 2 3 2 3 5 9 1 7 6 2 8 2 2 5 0 7 4 9 7 8 3 2]
err_ratio:0.69
pred_result:[3 8 2 2 2 3 0 9 3 0 0 3 2 3 2 2 0 2 2 2 3 2 2 2 2 2 2 2 7 0 2 3 2 7 0 2 2
 2 2 2 3 0 2 2 7 2 0 2 3 0 7 3 3 9 0 2 8 2 2 2 0 2 8 2 3 2 3 2 2 3 3 2 2 2
 2 2 3 3 2 2 2 2 3 0 7 2 2 2 2 2 3 2 3 0 2 2 0 2 2 2]
true_result:[1 1 8 3 6 1 0 3 1 0 0 1 7 2 7 3 0 4 6 5 2 6 4 7 1 8 9 9 3 0 7 1 0 2 0 3 5
 4 6 5 8 6 3 7 5 8 0 9 1 0 3 1 2 2 3 3 6 4 7 5 0 6 2 7 9 8 5 9 2 1 1 4 4 5
 6 4 1 2 5 3 9 3 9 0 5 9 6 5 7 4 1 3 4 0 4 8 0 4 3 6]
err_ratio:0.87
pred_result:[9 1 1 3 1 1 3 1 1 1 1 1 1 1 1 1 1 1 1 1 3 1 1 1 1 9 3 1 1 1 1 1 1 1 1 1 1
 1 1 1 1 1 1 1 1 1 1 1 9 1 1 9 9 1 1 1 1 1 1 3 1 1 1 1 1 1 1 1 1 1 1 1 1 1
 1 1 1 1 1 1 1 9 1 1 1 1 1 1 1 1 9 1 1 1 1 1 1 1 1 3]
true_result:[8 7 6 0 9 7 5 7 2 1 1 6 8 9 4 1 5 2 2 9 0 3 9 6 7 2 0 3 5 4 3 6 5 8 9 5 4
 7 4 2 7 3 4 8 9 1 9 2 8 7 9 1 8 7 4 1 3 1 1 0 2 3 9 4 9 2 1 6 8 4 7 7 4 4
 9 2 5 7 2 4 4 2 1 9 7 2 8 7 6 9 2 2 3 8 1 6 5 1 1 0]
err_ratio:0.88
pred_result:[9 9 9 9 0 9 9 9 9 9 9 9 9 9 0 0 9 0 8 0 0 9 9 9 0 9 9 1 9 1 0 9 9 9 0 1 0
 9 0 9 4 9 9 9 4 9 9 9 7 9 9 1 0 1 9 9 9 4 1 9 0 9 4 0 4 9 9 9 4 9 0 9 9 1
 9 4 9 9 9 9 0 9 9 0 9 9 9 9 9 4 9 4 9 9 1 9 9 8 9 9]
true_result:[2 6 4 5 8 3 1 5 1 9 2 7 4 4 4 8 1 5 8 9 5 6 7 9 9 3 7 0 9 0 6 6 2 3 9 0 7
 5 4 8 0 9 4 1 2 8 7 1 2 6 1 0 3 0 1 1 8 2 0 3 9 4 0 5 0 6 1 7 7 8 1 9 2 0
 5 1 2 2 7 3 5 4 9 7 1 8 3 9 6 0 3 1 1 2 6 3 5 7 6 8]
err_ratio:0.92
pred_result:[5 5 5 2 5 5 5 4 4 4 1 4 5 5 7 5 7 7 5 0 7 5 5 7 0 5 0 5 7 5 5 5 7 4 7 2 5
 5 1 5 5 5 9 5 5 5 7 5 9 7 7 7 1 4 4 7 1 7 7 7 2 7 5 7 5 5 5 5 4 7 7 5 1 4
 1 5 5 0 5 5 5 7 0 7 7 5 5 5 4 5 7 2 7 4 4 7 0 5 5 5]
true_result:[3 9 5 8 5 7 6 1 1 3 1 7 5 5 5 2 5 8 7 0 9 7 7 5 0 9 0 0 8 9 2 4 8 1 6 1 6
 5 1 8 3 4 0 5 5 8 3 6 2 3 9 2 1 1 5 2 1 3 2 8 7 3 7 2 4 6 9 7 2 4 2 8 1 1
 3 8 4 0 6 5 9 3 0 9 2 4 7 1 2 9 4 2 6 1 8 9 0 6 6 7]
err_ratio:0.8
