pred_result:[0 0 0 0 0 0 0 0 0 0 0 0 0 0 0 0 0 0 0 0 0 0 0 0 0 0 0 0 0 0 0 0 0 0 0 0 0
 0 0 0 0 0 0 0 0 0 0 0 0 0 0 0 0 0 0 0 0 0 0 0 0 0 0 0 0 0 0 0 0 0 0 0 0 0
 0 0 0 0 0 0 0 0 0 0 0 0 0 0 0 0 0 0 0 0 0 0 0 0 0 0 0 0 0 0 0 0 0 0 0 0 0
 0 0 0 0 0 0 0 0 0 0 0 0 0 0 0 0 0 0 0 0 0 0 0 0 0 0 0 0 0 0 0 0 0 0 0 0 0
 0 0 0 0 0 0 0 0 0 0 0 0 0 0 0 0 0 0 0 0 0 0 0 0 0 0 0 0 0 0 0 0 0 0 0 0 0
 0 0 0 0 0 0 0 0 0 0 0 0 0 0 0 0 0 0 0 0 0 0 0 0 0 0 0 0 0 0 0 0 0 0 0 0 0
 0 0 0 0 0 0 0 0 0 0 0 0 0 0 0 0 0 0 0 0 0 0 0 0 0 0 0 0 0 0 0 0 0 0 0 0 0
 0 0 0 0 0 0 0 0 0 0 0 0 0 0 0 0 0 0 0 0 0 0 0 0 0 0 0 0 0 0 0 0 0 0 0 0 0
 0 0 0 0 0 0 0 0 0 0 0 0 0 0 0 0 0 0 0 0 0 0 0 0 0 0 0 0 0 0 0 0 0 0 0 0 0
 0 0 0 0 0 0 0 0 0 0 0 0 0 0 0 0 0 0 0 0 0 0 0 0 0 0 0 0 0 0 0 0 0 0 0 0 0
 0 0 0 0 0 0 0 0 0 0 0 0 0 0 0 0 0 0 0 0 0 0 0 0 0 0 0 0 0 0 0 0 0 0 0 0 0
 0 0 0 0 0 0 0 0 0 0 0 0 0 0 0 0 0 0 0 0 0 0 0 0 0 0 0 0 0 0 0 0 0 0 0 0 0
 0 0 0 0 0 0 0 0 0 0 0 0 0 0 0 0 0 0 0 0 0 0 0 0 0 0 0 0 0 0 0 0 0 0 0 0 0
 0 0 0 0 0 0 0 0 0 0 0 0 0 0 0 0 0 0 0 0 0 0 0 0 0 0 0 0 0 0 0 0 0 0 0 0 0
 0 0 0 0 0 0 0 0 0 0 0 0 0 0 0 0 0 0 0 0 0 0 0 0 0 0 0 0 0 0 0 0 0 0 0 0 0
 0 0 0 0 0 0 0 0 0 0 0 0 0 0 0 0 0 0 0 0 0 0 0 0 0 0 0 0 0 0 0 0 0 0 0 0 0
 0 0 0 0 0 0 0 0 0 0 0 0 0 0 0 0 0 0 0 0 0 0 0 0 0 0 0 0 0 0 0 0 0 0 0 0 0
 0 0 0 0 0 0 0 0 0 0 0 0 0 0 0 0 0 0 0 0 0 0 0 0 0 0 0 0 0 0 0 0 0 0 0 0 0
 0 0 0 0 0 0 0 0 0 0 0 0 0 0 0 0 0 0 0 0 0 0 0 0 0 0 0 0 0 0 0 0 0 0 0 0 0
 0 0 0 0 0 0 0 0 0 0 0 0 0 0 0 0 0 0 0 0 0 0 0 0 0 0 0 0 0 0 0 0 0 0 0 0 0
 0 0 0 0 0 0 0 0 0 0 0 0 0 0 0 0 0 0 0 0 0 0 0 0 0 0 0 0 0 0 0 0 0 0 0 0 0
 0 0 0 0 0 0 0 0 0 0 0 0 0 0 0 0 0 0 0 0 0 0 0 0 0 0 0 0 0 0 0 0 0 0 0 0 0
 0 0 0 0 0 0 0 0 0 0 0 0 0 0 0 0 0 0 0 0 0 0 0 0 0 0 0 0 0 0 0 0 0 0 0 0 0
 0 0 0 0 0 0 0 0 0 0 0 0 0 0 0 0 0 0 0 0 0 0 0 0 0 0 0 0 0 0 0 0 0 0 0 0 0
 0 0 0 0 0 0 0 0 0 0 0 0 0 0 0 0 0 0 0 0 0 0 0 0 0 0 0 0 0 0 0 0 0 0 0 0 0
 0 0 0 0 0 0 0 0 0 0 0 0 0 0 0 0 0 0 0 0 0 0 0 0 0 0 0 0 0 0 0 0 0 0 0 0 0
 0 0 0 0 0 0 0 0 0 0 0 0 0 0 0 0 0 0 0 0 0 0 0 0 0 0 0 0 0 0 0 0 0 0 0 0 0
 0]
true_result:[1 1 1 0 0 1 0 1 1 0 1 1 0 0 0 0 0 1 1 1 1 0 0 0 1 0 0 1 0 1 0 0 0 1 0 0 1
 1 1 1 0 0 1 0 0 0 0 0 1 1 1 1 1 1 0 1 0 1 0 0 0 0 0 0 1 1 0 1 1 0 0 0 0 1
 0 1 0 0 0 0 0 1 1 1 1 1 0 0 1 0 1 1 0 1 1 0 1 0 0 0 0 1 1 0 1 0 1 0 0 0 1
 1 1 1 1 1 0 1 0 0 0 0 1 0 1 1 0 0 0 1 0 0 0 0 0 0 0 1 1 0 1 0 0 1 1 0 1 1
 0 1 1 1 1 1 0 1 0 1 0 1 1 1 0 0 0 0 0 0 1 0 0 0 1 1 1 1 0 0 0 0 1 0 0 0 1
 1 0 0 1 1 0 0 1 0 0 0 0 0 1 1 0 1 0 1 0 1 0 0 1 1 1 0 0 0 0 0 1 0 0 0 1 1
 1 0 1 1 0 1 1 1 0 1 0 1 0 0 0 0 0 0 1 0 0 0 1 0 0 0 1 1 1 1 0 1 0 1 1 1 1
 1 1 1 1 1 1 1 0 1 1 0 1 0 1 1 0 1 0 1 1 1 0 1 0 1 0 1 1 0 1 1 1 0 1 1 0 1
 0 1 0 0 1 0 1 1 0 1 0 0 0 1 1 1 1 1 0 1 1 0 0 0 0 1 1 0 0 0 0 1 0 1 0 1 1
 0 0 0 0 0 1 1 1 1 1 0 0 1 0 1 1 0 1 1 0 0 1 0 1 1 0 0 0 1 0 1 1 1 0 1 0 1
 0 1 1 1 0 0 0 0 0 0 1 1 1 1 0 1 0 1 0 1 1 1 1 1 1 0 0 1 1 0 1 0 0 0 0 0 1
 0 1 1 1 0 1 0 1 1 1 1 1 0 1 0 0 1 1 1 1 0 0 0 1 0 0 0 0 0 0 0 1 0 0 0 0 1
 0 1 0 1 0 1 1 1 1 1 1 1 0 1 1 1 1 0 0 0 0 1 0 0 0 0 1 1 0 1 0 0 0 0 1 0 0
 1 0 1 0 1 0 1 1 1 1 1 1 0 1 1 1 1 0 0 0 0 1 0 1 0 0 1 1 0 1 0 0 0 0 0 1 0
 0 1 1 0 1 1 1 0 1 1 0 0 0 0 0 1 1 1 1 1 0 0 1 0 0 1 1 1 0 1 1 1 0 0 1 1 0
 1 1 0 1 0 0 1 0 0 1 0 0 1 1 1 1 0 1 1 0 1 0 1 1 1 1 1 1 0 0 0 1 1 1 1 0 1
 0 0 1 0 1 0 0 1 0 1 1 0 0 0 1 1 1 0 1 1 0 1 1 1 1 0 1 0 0 1 0 0 1 0 1 1 0
 0 1 0 1 1 1 0 0 1 1 1 0 1 1 0 1 0 0 1 0 0 0 1 0 0 1 1 0 0 0 1 0 1 0 0 1 1
 0 1 1 0 1 1 1 0 1 0 0 0 1 1 0 1 1 1 1 0 0 1 1 1 0 0 1 1 1 1 0 0 0 0 0 0 0
 0 0 1 0 1 1 0 0 0 0 1 1 0 0 0 1 0 1 1 0 1 1 0 0 1 0 1 1 1 1 1 0 0 0 1 1 0
 1 1 1 0 0 0 1 1 1 1 0 0 1 1 0 1 0 0 1 0 1 1 1 0 1 0 0 1 0 0 0 0 0 1 1 1 1
 0 1 0 0 0 0 0 0 1 1 1 0 1 1 0 0 0 0 0 0 0 0 0 1 1 1 1 0 0 1 0 0 0 1 1 0 0
 1 0 0 1 0 1 0 0 1 1 1 0 1 0 0 1 0 0 0 1 1 0 1 0 0 1 0 1 0 0 0 0 0 0 0 0 1
 1 1 0 0 1 0 1 0 0 0 1 0 0 1 0 1 1 1 0 0 0 0 0 0 1 1 1 1 1 1 0 1 1 0 0 1 1
 1 1 0 1 0 0 0 0 1 0 0 0 1 0 1 0 0 0 0 1 0 0 1 1 1 1 0 1 0 1 1 1 1 1 1 1 1
 1 1 1 1 0 0 1 1 1 0 0 1 1 0 0 1 0 0 1 1 0 0 0 1 0 1 0 0 0 1 0 1 1 1 1 0 0
 0 0 1 1 0 0 1 1 1 1 1 0 1 1 1 0 1 1 1 0 0 0 0 0 1 0 1 1 1 0 1 1 0 1 1 0 1
 0]
err_ratio:0.5
