pred_result:[0 0 0 1 0 1 1 1 1 1 1 1 0 1 0 1 0 1 1 0 0 0 0 1 0 1 0 0 0 0 0 0 1 1 0 1 0
 0 1 0 0 0 1 0 0 1 0 0 0 0 1 1 0 0 0 1 1 0 1 0]
true_result:[1 0 0 1 1 0 0 1 1 1 1 0 0 1 1 1 0 1 1 0 0 1 0 0 1 1 0 1 1 0 1 0 1 1 0 1 1
 0 1 1 1 1 1 1 0 0 0 0 1 0 1 1 0 0 1 0 1 0 1 1]
err_ratio:0.366666666667
pred_result:[1 1 1 1 1 1 1 1 1 1 1 1 1 1 1 1 1 1 1 1 1 1 1 1 1 1 1 1 1 1 1 1 1 1 1 1 1
 1 1 1 1 1 1 1 1 1 1 1 1 1 1 1 1 1 1 1 1 1 1 1]
true_result:[0 0 1 1 1 1 0 0 0 1 0 0 0 1 0 0 1 1 1 1 1 1 1 1 0 0 0 1 1 0 0 1 1 0 0 1 1
 1 1 0 0 1 1 0 0 0 0 1 1 0 1 0 1 1 0 0 1 0 0 1]
err_ratio:0.483333333333
pred_result:[1 1 1 1 1 1 1 1 1 1 1 1 1 1 1 1 1 1 1 1 1 1 1 1 1 1 1 1 1 1 1 1 1 1 1 1 1
 1 1 1 1 1 1 1 1 1 1 1 1 1 1 1 1 1 1 1 1 1 1 1]
true_result:[0 1 1 0 0 1 1 1 1 1 1 1 1 1 0 0 1 1 0 1 0 0 1 1 1 1 1 1 1 1 1 0 1 1 1 1 1
 1 0 1 0 0 0 0 0 1 0 0 0 1 0 1 0 1 0 1 1 0 1 0]
err_ratio:0.383333333333
pred_result:[1 1 1 1 1 1 1 1 1 1 1 1 1 1 1 1 1 1 1 1 1 1 1 1 1 1 1 1 1 1 1 1 1 1 1 1 1
 1 1 1 1 1 1 1 1 1 1 1 1 1 1 1 1 1 1 1 1 1 1 1]
true_result:[1 0 1 1 1 0 1 0 1 1 0 1 1 1 1 1 1 1 0 0 1 1 0 1 1 1 0 1 1 1 1 0 0 1 1 0 0
 1 1 0 1 0 1 1 0 1 0 0 0 1 1 1 1 1 1 0 1 0 1 1]
err_ratio:0.333333333333
pred_result:[1 1 1 1 1 1 1 1 1 1 1 1 1 1 1 1 1 1 1 1 1 1 1 1 1 1 1 1 1 1 1 1 1 1 1 1 1
 1 1 1 1 1 1 1 1 1 1 1 1 1 1 1 1 1 1 1 1 1 1 1]
true_result:[1 1 0 0 1 1 1 1 0 1 0 1 0 0 1 1 0 0 0 1 1 1 1 0 1 1 0 1 1 1 0 1 1 0 1 0 1
 0 1 1 0 1 0 1 0 1 1 1 0 1 1 1 1 0 0 0 1 0 0 0]
err_ratio:0.416666666667
