pred_result:[1 1 1 1 1 1 1 1 1 1 1 1 1 1 1 1 1 1 1 1 1 1 1 1 1 1 1 1 1 1 1 1 1 1 1 1 1
 1 1 1 1 1 1 1 1 1 1 1 1 1 1 1 1 1 1 1 1 1 1 1]
true_result:[1 1 1 1 1 0 0 1 0 1 0 1 0 1 1 0 0 0 1 0 1 0 1 0 1 0 0 1 1 1 0 0 1 0 0 1 0
 1 0 1 0 1 0 1 1 1 1 0 0 1 0 0 1 0 1 0 1 1 0 1]
err_ratio:0.466666666667
pred_result:[1 1 0 1 0 1 1 0 1 0 1 1 1 1 0 1 1 1 1 0 1 1 0 1 0 0 0 0 0 1 1 1 0 1 1 0 0
 1 0 0 0 1 1 1 0 0 1 0 1 1 1 1 1 1 1 1 1 1 0 1]
true_result:[0 1 1 1 1 1 1 0 1 1 0 0 1 1 0 1 1 0 1 0 1 1 0 0 0 0 0 1 1 0 1 1 0 1 1 0 1
 0 1 0 0 1 0 1 1 1 1 1 0 1 1 1 1 1 1 0 0 0 1 1]
err_ratio:0.383333333333
pred_result:[1 0 0 0 1 0 0 0 0 0 0 1 0 0 1 1 0 1 0 1 1 0 1 1 1 1 1 0 1 1 0 1 0 1 1 1 1
 0 1 1 1 1 1 1 1 1 1 0 1 1 1 1 0 1 0 1 1 1 1 1]
true_result:[0 0 0 1 1 1 0 0 0 0 1 1 0 0 1 0 1 1 0 1 1 0 0 1 0 1 0 0 1 0 1 1 0 0 1 1 1
 0 1 1 1 0 0 1 1 0 1 0 0 1 1 0 1 0 0 1 1 1 1 1]
err_ratio:0.316666666667
pred_result:[1 0 1 0 1 0 1 0 1 0 0 1 0 0 1 1 1 1 1 0 0 1 1 1 0 0 1 0 0 1 1 0 0 0 1 0 0
 1 1 0 0 1 1 1 1 1 0 0 1 0 0 0 1 1 0 0 1 1 1 1]
true_result:[1 1 0 1 1 0 1 0 1 1 1 1 1 0 1 0 0 1 1 0 1 1 1 0 1 1 1 0 0 1 0 0 0 0 0 1 1
 0 1 1 0 0 0 1 1 1 1 1 1 1 1 0 1 1 0 0 1 0 1 1]
err_ratio:0.416666666667
pred_result:[1 1 1 1 1 1 1 1 1 0 1 1 1 1 1 0 1 0 1 1 1 0 1 1 1 1 1 1 1 1 0 1 0 1 0 1 1
 1 1 1 1 1 0 1 1 0 1 0 1 1 1 0 1 1 1 1 1 1 1 1]
true_result:[0 1 0 1 1 1 0 1 1 1 0 0 1 1 0 0 1 1 1 1 1 0 1 1 0 0 1 1 0 1 0 0 0 1 1 1 1
 1 1 0 1 1 1 1 1 1 0 1 0 1 1 0 1 0 1 1 0 1 1 1]
err_ratio:0.35
